/// \file su2_recoupling.c
/// \brief SU(2) recoupling coefficient tables.
///
/// This file has been generated by 'su2_recoupling_gen.py'.

#include <stdlib.h>
#include <assert.h>
#include "su2_recoupling.h"
#include "util.h"


// format: su2_recoupling_ja_jb_jc_js[n][n]
static const double su2_recoupling_0_0_0_0[1][1] = { { 1.0000000000000000 } };
static const double su2_recoupling_0_0_1_1[1][1] = { { 1.0000000000000000 } };
static const double su2_recoupling_0_0_2_2[1][1] = { { 1.0000000000000000 } };
static const double su2_recoupling_0_0_3_3[1][1] = { { 1.0000000000000000 } };
static const double su2_recoupling_0_0_4_4[1][1] = { { 1.0000000000000000 } };
static const double su2_recoupling_0_1_0_1[1][1] = { { 1.0000000000000000 } };
static const double su2_recoupling_0_1_1_0[1][1] = { { 1.0000000000000000 } };
static const double su2_recoupling_0_1_1_2[1][1] = { { 1.0000000000000000 } };
static const double su2_recoupling_0_1_2_1[1][1] = { { 1.0000000000000000 } };
static const double su2_recoupling_0_1_2_3[1][1] = { { 1.0000000000000000 } };
static const double su2_recoupling_0_1_3_2[1][1] = { { 1.0000000000000000 } };
static const double su2_recoupling_0_1_3_4[1][1] = { { 1.0000000000000000 } };
static const double su2_recoupling_0_1_4_3[1][1] = { { 1.0000000000000000 } };
static const double su2_recoupling_0_1_4_5[1][1] = { { 1.0000000000000000 } };
static const double su2_recoupling_0_2_0_2[1][1] = { { 1.0000000000000000 } };
static const double su2_recoupling_0_2_1_1[1][1] = { { 1.0000000000000000 } };
static const double su2_recoupling_0_2_1_3[1][1] = { { 1.0000000000000000 } };
static const double su2_recoupling_0_2_2_0[1][1] = { { 1.0000000000000000 } };
static const double su2_recoupling_0_2_2_2[1][1] = { { 1.0000000000000000 } };
static const double su2_recoupling_0_2_2_4[1][1] = { { 1.0000000000000000 } };
static const double su2_recoupling_0_2_3_1[1][1] = { { 1.0000000000000000 } };
static const double su2_recoupling_0_2_3_3[1][1] = { { 1.0000000000000000 } };
static const double su2_recoupling_0_2_3_5[1][1] = { { 1.0000000000000000 } };
static const double su2_recoupling_0_2_4_2[1][1] = { { 1.0000000000000000 } };
static const double su2_recoupling_0_2_4_4[1][1] = { { 1.0000000000000000 } };
static const double su2_recoupling_0_2_4_6[1][1] = { { 1.0000000000000000 } };
static const double su2_recoupling_0_3_0_3[1][1] = { { 1.0000000000000000 } };
static const double su2_recoupling_0_3_1_2[1][1] = { { 1.0000000000000000 } };
static const double su2_recoupling_0_3_1_4[1][1] = { { 1.0000000000000000 } };
static const double su2_recoupling_0_3_2_1[1][1] = { { 1.0000000000000000 } };
static const double su2_recoupling_0_3_2_3[1][1] = { { 1.0000000000000000 } };
static const double su2_recoupling_0_3_2_5[1][1] = { { 1.0000000000000000 } };
static const double su2_recoupling_0_3_3_0[1][1] = { { 1.0000000000000000 } };
static const double su2_recoupling_0_3_3_2[1][1] = { { 1.0000000000000000 } };
static const double su2_recoupling_0_3_3_4[1][1] = { { 1.0000000000000000 } };
static const double su2_recoupling_0_3_3_6[1][1] = { { 1.0000000000000000 } };
static const double su2_recoupling_0_3_4_1[1][1] = { { 1.0000000000000000 } };
static const double su2_recoupling_0_3_4_3[1][1] = { { 1.0000000000000000 } };
static const double su2_recoupling_0_3_4_5[1][1] = { { 1.0000000000000000 } };
static const double su2_recoupling_0_3_4_7[1][1] = { { 1.0000000000000000 } };
static const double su2_recoupling_0_4_0_4[1][1] = { { 1.0000000000000000 } };
static const double su2_recoupling_0_4_1_3[1][1] = { { 1.0000000000000000 } };
static const double su2_recoupling_0_4_1_5[1][1] = { { 1.0000000000000000 } };
static const double su2_recoupling_0_4_2_2[1][1] = { { 1.0000000000000000 } };
static const double su2_recoupling_0_4_2_4[1][1] = { { 1.0000000000000000 } };
static const double su2_recoupling_0_4_2_6[1][1] = { { 1.0000000000000000 } };
static const double su2_recoupling_0_4_3_1[1][1] = { { 1.0000000000000000 } };
static const double su2_recoupling_0_4_3_3[1][1] = { { 1.0000000000000000 } };
static const double su2_recoupling_0_4_3_5[1][1] = { { 1.0000000000000000 } };
static const double su2_recoupling_0_4_3_7[1][1] = { { 1.0000000000000000 } };
static const double su2_recoupling_0_4_4_0[1][1] = { { 1.0000000000000000 } };
static const double su2_recoupling_0_4_4_2[1][1] = { { 1.0000000000000000 } };
static const double su2_recoupling_0_4_4_4[1][1] = { { 1.0000000000000000 } };
static const double su2_recoupling_0_4_4_6[1][1] = { { 1.0000000000000000 } };
static const double su2_recoupling_0_4_4_8[1][1] = { { 1.0000000000000000 } };
static const double su2_recoupling_1_0_0_1[1][1] = { { 1.0000000000000000 } };
static const double su2_recoupling_1_0_1_0[1][1] = { { 1.0000000000000000 } };
static const double su2_recoupling_1_0_1_2[1][1] = { { 1.0000000000000000 } };
static const double su2_recoupling_1_0_2_1[1][1] = { { 1.0000000000000000 } };
static const double su2_recoupling_1_0_2_3[1][1] = { { 1.0000000000000000 } };
static const double su2_recoupling_1_0_3_2[1][1] = { { 1.0000000000000000 } };
static const double su2_recoupling_1_0_3_4[1][1] = { { 1.0000000000000000 } };
static const double su2_recoupling_1_0_4_3[1][1] = { { 1.0000000000000000 } };
static const double su2_recoupling_1_0_4_5[1][1] = { { 1.0000000000000000 } };
static const double su2_recoupling_1_1_0_0[1][1] = { { 1.0000000000000000 } };
static const double su2_recoupling_1_1_0_2[1][1] = { { 1.0000000000000000 } };
static const double su2_recoupling_1_1_1_1[2][2] = { { -0.50000000000000000, 0.86602540378443865 }, { 0.86602540378443865, 0.50000000000000000 } };
static const double su2_recoupling_1_1_1_3[1][1] = { { 1.0000000000000000 } };
static const double su2_recoupling_1_1_2_0[1][1] = { { 1.0000000000000000 } };
static const double su2_recoupling_1_1_2_2[2][2] = { { -0.57735026918962576, 0.81649658092772603 }, { 0.81649658092772603, 0.57735026918962576 } };
static const double su2_recoupling_1_1_2_4[1][1] = { { 1.0000000000000000 } };
static const double su2_recoupling_1_1_3_1[1][1] = { { 1.0000000000000000 } };
static const double su2_recoupling_1_1_3_3[2][2] = { { -0.61237243569579452, 0.79056941504209483 }, { 0.79056941504209483, 0.61237243569579452 } };
static const double su2_recoupling_1_1_3_5[1][1] = { { 1.0000000000000000 } };
static const double su2_recoupling_1_1_4_2[1][1] = { { 1.0000000000000000 } };
static const double su2_recoupling_1_1_4_4[2][2] = { { -0.63245553203367587, 0.77459666924148338 }, { 0.77459666924148338, 0.63245553203367587 } };
static const double su2_recoupling_1_1_4_6[1][1] = { { 1.0000000000000000 } };
static const double su2_recoupling_1_2_0_1[1][1] = { { 1.0000000000000000 } };
static const double su2_recoupling_1_2_0_3[1][1] = { { 1.0000000000000000 } };
static const double su2_recoupling_1_2_1_0[1][1] = { { 1.0000000000000000 } };
static const double su2_recoupling_1_2_1_2[2][2] = { { -0.33333333333333333, 0.94280904158206337 }, { 0.94280904158206337, 0.33333333333333333 } };
static const double su2_recoupling_1_2_1_4[1][1] = { { 1.0000000000000000 } };
static const double su2_recoupling_1_2_2_1[2][2] = { { -0.57735026918962576, 0.81649658092772603 }, { 0.81649658092772603, 0.57735026918962576 } };
static const double su2_recoupling_1_2_2_3[2][2] = { { -0.40824829046386302, 0.91287092917527686 }, { 0.91287092917527686, 0.40824829046386302 } };
static const double su2_recoupling_1_2_2_5[1][1] = { { 1.0000000000000000 } };
static const double su2_recoupling_1_2_3_0[1][1] = { { 1.0000000000000000 } };
static const double su2_recoupling_1_2_3_2[2][2] = { { -0.66666666666666667, 0.74535599249992990 }, { 0.74535599249992990, 0.66666666666666667 } };
static const double su2_recoupling_1_2_3_4[2][2] = { { -0.44721359549995794, 0.89442719099991588 }, { 0.89442719099991588, 0.44721359549995794 } };
static const double su2_recoupling_1_2_3_6[1][1] = { { 1.0000000000000000 } };
static const double su2_recoupling_1_2_4_1[1][1] = { { 1.0000000000000000 } };
static const double su2_recoupling_1_2_4_3[2][2] = { { -0.70710678118654752, 0.70710678118654752 }, { 0.70710678118654752, 0.70710678118654752 } };
static const double su2_recoupling_1_2_4_5[2][2] = { { -0.47140452079103168, 0.88191710368819686 }, { 0.88191710368819686, 0.47140452079103168 } };
static const double su2_recoupling_1_2_4_7[1][1] = { { 1.0000000000000000 } };
static const double su2_recoupling_1_3_0_2[1][1] = { { 1.0000000000000000 } };
static const double su2_recoupling_1_3_0_4[1][1] = { { 1.0000000000000000 } };
static const double su2_recoupling_1_3_1_1[1][1] = { { 1.0000000000000000 } };
static const double su2_recoupling_1_3_1_3[2][2] = { { -0.25000000000000000, 0.96824583655185422 }, { 0.96824583655185422, 0.25000000000000000 } };
static const double su2_recoupling_1_3_1_5[1][1] = { { 1.0000000000000000 } };
static const double su2_recoupling_1_3_2_0[1][1] = { { 1.0000000000000000 } };
static const double su2_recoupling_1_3_2_2[2][2] = { { -0.40824829046386302, 0.91287092917527686 }, { 0.91287092917527686, 0.40824829046386302 } };
static const double su2_recoupling_1_3_2_4[2][2] = { { -0.31622776601683793, 0.94868329805051380 }, { 0.94868329805051380, 0.31622776601683793 } };
static const double su2_recoupling_1_3_2_6[1][1] = { { 1.0000000000000000 } };
static const double su2_recoupling_1_3_3_1[2][2] = { { -0.61237243569579452, 0.79056941504209483 }, { 0.79056941504209483, 0.61237243569579452 } };
static const double su2_recoupling_1_3_3_3[2][2] = { { -0.50000000000000000, 0.86602540378443865 }, { 0.86602540378443865, 0.50000000000000000 } };
static const double su2_recoupling_1_3_3_5[2][2] = { { -0.35355339059327376, 0.93541434669348535 }, { 0.93541434669348535, 0.35355339059327376 } };
static const double su2_recoupling_1_3_3_7[1][1] = { { 1.0000000000000000 } };
static const double su2_recoupling_1_3_4_0[1][1] = { { 1.0000000000000000 } };
static const double su2_recoupling_1_3_4_2[2][2] = { { -0.70710678118654752, 0.70710678118654752 }, { 0.70710678118654752, 0.70710678118654752 } };
static const double su2_recoupling_1_3_4_4[2][2] = { { -0.54772255750516611, 0.83666002653407555 }, { 0.83666002653407555, 0.54772255750516611 } };
static const double su2_recoupling_1_3_4_6[2][2] = { { -0.37796447300922723, 0.92582009977255146 }, { 0.92582009977255146, 0.37796447300922723 } };
static const double su2_recoupling_1_3_4_8[1][1] = { { 1.0000000000000000 } };
static const double su2_recoupling_1_4_0_3[1][1] = { { 1.0000000000000000 } };
static const double su2_recoupling_1_4_0_5[1][1] = { { 1.0000000000000000 } };
static const double su2_recoupling_1_4_1_2[1][1] = { { 1.0000000000000000 } };
static const double su2_recoupling_1_4_1_4[2][2] = { { -0.20000000000000000, 0.97979589711327124 }, { 0.97979589711327124, 0.20000000000000000 } };
static const double su2_recoupling_1_4_1_6[1][1] = { { 1.0000000000000000 } };
static const double su2_recoupling_1_4_2_1[1][1] = { { 1.0000000000000000 } };
static const double su2_recoupling_1_4_2_3[2][2] = { { -0.31622776601683793, 0.94868329805051380 }, { 0.94868329805051380, 0.31622776601683793 } };
static const double su2_recoupling_1_4_2_5[2][2] = { { -0.25819888974716113, 0.96609178307929590 }, { 0.96609178307929590, 0.25819888974716113 } };
static const double su2_recoupling_1_4_2_7[1][1] = { { 1.0000000000000000 } };
static const double su2_recoupling_1_4_3_0[1][1] = { { 1.0000000000000000 } };
static const double su2_recoupling_1_4_3_2[2][2] = { { -0.44721359549995794, 0.89442719099991588 }, { 0.89442719099991588, 0.44721359549995794 } };
static const double su2_recoupling_1_4_3_4[2][2] = { { -0.40000000000000000, 0.91651513899116800 }, { 0.91651513899116800, 0.40000000000000000 } };
static const double su2_recoupling_1_4_3_6[2][2] = { { -0.29277002188455995, 0.95618288746751491 }, { 0.95618288746751491, 0.29277002188455995 } };
static const double su2_recoupling_1_4_3_8[1][1] = { { 1.0000000000000000 } };
static const double su2_recoupling_1_4_4_1[2][2] = { { -0.63245553203367587, 0.77459666924148338 }, { 0.77459666924148338, 0.63245553203367587 } };
static const double su2_recoupling_1_4_4_3[2][2] = { { -0.54772255750516611, 0.83666002653407555 }, { 0.83666002653407555, 0.54772255750516611 } };
static const double su2_recoupling_1_4_4_5[2][2] = { { -0.44721359549995794, 0.89442719099991588 }, { 0.89442719099991588, 0.44721359549995794 } };
static const double su2_recoupling_1_4_4_7[2][2] = { { -0.31622776601683793, 0.94868329805051380 }, { 0.94868329805051380, 0.31622776601683793 } };
static const double su2_recoupling_1_4_4_9[1][1] = { { 1.0000000000000000 } };
static const double su2_recoupling_2_0_0_2[1][1] = { { 1.0000000000000000 } };
static const double su2_recoupling_2_0_1_1[1][1] = { { 1.0000000000000000 } };
static const double su2_recoupling_2_0_1_3[1][1] = { { 1.0000000000000000 } };
static const double su2_recoupling_2_0_2_0[1][1] = { { 1.0000000000000000 } };
static const double su2_recoupling_2_0_2_2[1][1] = { { 1.0000000000000000 } };
static const double su2_recoupling_2_0_2_4[1][1] = { { 1.0000000000000000 } };
static const double su2_recoupling_2_0_3_1[1][1] = { { 1.0000000000000000 } };
static const double su2_recoupling_2_0_3_3[1][1] = { { 1.0000000000000000 } };
static const double su2_recoupling_2_0_3_5[1][1] = { { 1.0000000000000000 } };
static const double su2_recoupling_2_0_4_2[1][1] = { { 1.0000000000000000 } };
static const double su2_recoupling_2_0_4_4[1][1] = { { 1.0000000000000000 } };
static const double su2_recoupling_2_0_4_6[1][1] = { { 1.0000000000000000 } };
static const double su2_recoupling_2_1_0_1[1][1] = { { 1.0000000000000000 } };
static const double su2_recoupling_2_1_0_3[1][1] = { { 1.0000000000000000 } };
static const double su2_recoupling_2_1_1_0[1][1] = { { 1.0000000000000000 } };
static const double su2_recoupling_2_1_1_2[2][2] = { { -0.57735026918962576, 0.81649658092772603 }, { 0.81649658092772603, 0.57735026918962576 } };
static const double su2_recoupling_2_1_1_4[1][1] = { { 1.0000000000000000 } };
static const double su2_recoupling_2_1_2_1[2][2] = { { -0.33333333333333333, 0.94280904158206337 }, { 0.94280904158206337, 0.33333333333333333 } };
static const double su2_recoupling_2_1_2_3[2][2] = { { -0.66666666666666667, 0.74535599249992990 }, { 0.74535599249992990, 0.66666666666666667 } };
static const double su2_recoupling_2_1_2_5[1][1] = { { 1.0000000000000000 } };
static const double su2_recoupling_2_1_3_0[1][1] = { { 1.0000000000000000 } };
static const double su2_recoupling_2_1_3_2[2][2] = { { -0.40824829046386302, 0.91287092917527686 }, { 0.91287092917527686, 0.40824829046386302 } };
static const double su2_recoupling_2_1_3_4[2][2] = { { -0.70710678118654752, 0.70710678118654752 }, { 0.70710678118654752, 0.70710678118654752 } };
static const double su2_recoupling_2_1_3_6[1][1] = { { 1.0000000000000000 } };
static const double su2_recoupling_2_1_4_1[1][1] = { { 1.0000000000000000 } };
static const double su2_recoupling_2_1_4_3[2][2] = { { -0.44721359549995794, 0.89442719099991588 }, { 0.89442719099991588, 0.44721359549995794 } };
static const double su2_recoupling_2_1_4_5[2][2] = { { -0.73029674334022148, 0.68313005106397323 }, { 0.68313005106397323, 0.73029674334022148 } };
static const double su2_recoupling_2_1_4_7[1][1] = { { 1.0000000000000000 } };
static const double su2_recoupling_2_2_0_0[1][1] = { { 1.0000000000000000 } };
static const double su2_recoupling_2_2_0_2[1][1] = { { 1.0000000000000000 } };
static const double su2_recoupling_2_2_0_4[1][1] = { { 1.0000000000000000 } };
static const double su2_recoupling_2_2_1_1[2][2] = { { -0.57735026918962576, 0.81649658092772603 }, { 0.81649658092772603, 0.57735026918962576 } };
static const double su2_recoupling_2_2_1_3[2][2] = { { -0.40824829046386302, 0.91287092917527686 }, { 0.91287092917527686, 0.40824829046386302 } };
static const double su2_recoupling_2_2_1_5[1][1] = { { 1.0000000000000000 } };
static const double su2_recoupling_2_2_2_2[3][3] = { { 0.33333333333333333, -0.57735026918962576, 0.74535599249992990 }, { -0.57735026918962576, 0.50000000000000000, 0.64549722436790281 }, { 0.74535599249992990, 0.64549722436790281, 0.16666666666666667 } };
static const double su2_recoupling_2_2_2_4[2][2] = { { -0.50000000000000000, 0.86602540378443865 }, { 0.86602540378443865, 0.50000000000000000 } };
static const double su2_recoupling_2_2_2_6[1][1] = { { 1.0000000000000000 } };
static const double su2_recoupling_2_2_3_1[2][2] = { { -0.40824829046386302, 0.91287092917527686 }, { 0.91287092917527686, 0.40824829046386302 } };
static const double su2_recoupling_2_2_3_3[3][3] = { { 0.40824829046386302, -0.57735026918962576, 0.70710678118654752 }, { -0.64549722436790281, 0.36514837167011074, 0.67082039324993691 }, { 0.64549722436790281, 0.73029674334022148, 0.22360679774997897 } };
static const double su2_recoupling_2_2_3_5[2][2] = { { -0.54772255750516611, 0.83666002653407555 }, { 0.83666002653407555, 0.54772255750516611 } };
static const double su2_recoupling_2_2_3_7[1][1] = { { 1.0000000000000000 } };
static const double su2_recoupling_2_2_4_0[1][1] = { { 1.0000000000000000 } };
static const double su2_recoupling_2_2_4_2[2][2] = { { -0.50000000000000000, 0.86602540378443865 }, { 0.86602540378443865, 0.50000000000000000 } };
static const double su2_recoupling_2_2_4_4[3][3] = { { 0.44721359549995794, -0.57735026918962576, 0.68313005106397323 }, { -0.67082039324993691, 0.28867513459481288, 0.68313005106397323 }, { 0.59160797830996160, 0.76376261582597333, 0.25819888974716113 } };
static const double su2_recoupling_2_2_4_6[2][2] = { { -0.57735026918962576, 0.81649658092772603 }, { 0.81649658092772603, 0.57735026918962576 } };
static const double su2_recoupling_2_2_4_8[1][1] = { { 1.0000000000000000 } };
static const double su2_recoupling_2_3_0_1[1][1] = { { 1.0000000000000000 } };
static const double su2_recoupling_2_3_0_3[1][1] = { { 1.0000000000000000 } };
static const double su2_recoupling_2_3_0_5[1][1] = { { 1.0000000000000000 } };
static const double su2_recoupling_2_3_1_0[1][1] = { { 1.0000000000000000 } };
static const double su2_recoupling_2_3_1_2[2][2] = { { -0.40824829046386302, 0.91287092917527686 }, { 0.91287092917527686, 0.40824829046386302 } };
static const double su2_recoupling_2_3_1_4[2][2] = { { -0.31622776601683793, 0.94868329805051380 }, { 0.94868329805051380, 0.31622776601683793 } };
static const double su2_recoupling_2_3_1_6[1][1] = { { 1.0000000000000000 } };
static const double su2_recoupling_2_3_2_1[2][2] = { { -0.66666666666666667, 0.74535599249992990 }, { 0.74535599249992990, 0.66666666666666667 } };
static const double su2_recoupling_2_3_2_3[3][3] = { { 0.16666666666666667, -0.47140452079103168, 0.86602540378443865 }, { -0.47140452079103168, 0.73333333333333333, 0.48989794855663562 }, { 0.86602540378443865, 0.48989794855663562, 0.10000000000000000 } };
static const double su2_recoupling_2_3_2_5[2][2] = { { -0.40000000000000000, 0.91651513899116800 }, { 0.91651513899116800, 0.40000000000000000 } };
static const double su2_recoupling_2_3_2_7[1][1] = { { 1.0000000000000000 } };
static const double su2_recoupling_2_3_3_2[3][3] = { { 0.40824829046386302, -0.64549722436790281, 0.64549722436790281 }, { -0.57735026918962576, 0.36514837167011074, 0.73029674334022148 }, { 0.70710678118654752, 0.67082039324993691, 0.22360679774997897 } };
static const double su2_recoupling_2_3_3_4[3][3] = { { 0.22360679774997897, -0.50000000000000000, 0.83666002653407555 }, { -0.56568542494923802, 0.63245553203367587, 0.52915026221291812 }, { 0.79372539331937718, 0.59160797830996160, 0.14142135623730950 } };
static const double su2_recoupling_2_3_3_6[2][2] = { { -0.44721359549995794, 0.89442719099991588 }, { 0.89442719099991588, 0.44721359549995794 } };
static const double su2_recoupling_2_3_3_8[1][1] = { { 1.0000000000000000 } };
static const double su2_recoupling_2_3_4_1[2][2] = { { -0.44721359549995794, 0.89442719099991588 }, { 0.89442719099991588, 0.44721359549995794 } };
static const double su2_recoupling_2_3_4_3[3][3] = { { 0.50000000000000000, -0.63245553203367587, 0.59160797830996160 }, { -0.63245553203367587, 0.20000000000000000, 0.74833147735478828 }, { 0.59160797830996160, 0.74833147735478828, 0.30000000000000000 } };
static const double su2_recoupling_2_3_4_5[3][3] = { { 0.25819888974716113, -0.51639777949432225, 0.81649658092772603 }, { -0.61101009266077867, 0.56736651461358019, 0.55205244747388337 }, { 0.74833147735478828, 0.64142698058981852, 0.16903085094570332 } };
static const double su2_recoupling_2_3_4_7[2][2] = { { -0.47809144373375746, 0.87831006565367986 }, { 0.87831006565367986, 0.47809144373375746 } };
static const double su2_recoupling_2_3_4_9[1][1] = { { 1.0000000000000000 } };
static const double su2_recoupling_2_4_0_2[1][1] = { { 1.0000000000000000 } };
static const double su2_recoupling_2_4_0_4[1][1] = { { 1.0000000000000000 } };
static const double su2_recoupling_2_4_0_6[1][1] = { { 1.0000000000000000 } };
static const double su2_recoupling_2_4_1_1[1][1] = { { 1.0000000000000000 } };
static const double su2_recoupling_2_4_1_3[2][2] = { { -0.31622776601683793, 0.94868329805051380 }, { 0.94868329805051380, 0.31622776601683793 } };
static const double su2_recoupling_2_4_1_5[2][2] = { { -0.25819888974716113, 0.96609178307929590 }, { 0.96609178307929590, 0.25819888974716113 } };
static const double su2_recoupling_2_4_1_7[1][1] = { { 1.0000000000000000 } };
static const double su2_recoupling_2_4_2_0[1][1] = { { 1.0000000000000000 } };
static const double su2_recoupling_2_4_2_2[2][2] = { { -0.50000000000000000, 0.86602540378443865 }, { 0.86602540378443865, 0.50000000000000000 } };
static const double su2_recoupling_2_4_2_4[3][3] = { { 0.10000000000000000, -0.38729833462074169, 0.91651513899116800 }, { -0.38729833462074169, 0.83333333333333333, 0.39440531887330774 }, { 0.91651513899116800, 0.39440531887330774, 0.066666666666666667 } };
static const double su2_recoupling_2_4_2_6[2][2] = { { -0.33333333333333333, 0.94280904158206337 }, { 0.94280904158206337, 0.33333333333333333 } };
static const double su2_recoupling_2_4_2_8[1][1] = { { 1.0000000000000000 } };
static const double su2_recoupling_2_4_3_1[2][2] = { { -0.70710678118654752, 0.70710678118654752 }, { 0.70710678118654752, 0.70710678118654752 } };
static const double su2_recoupling_2_4_3_3[3][3] = { { 0.22360679774997897, -0.56568542494923802, 0.79372539331937718 }, { -0.50000000000000000, 0.63245553203367587, 0.59160797830996160 }, { 0.83666002653407555, 0.52915026221291812, 0.14142135623730950 } };
static const double su2_recoupling_2_4_3_5[3][3] = { { 0.14142135623730950, -0.42426406871192851, 0.89442719099991588 }, { -0.48304589153964795, 0.75907211527658964, 0.43643578047198476 }, { 0.86409875978771470, 0.49377071987869411, 0.097590007294853318 } };
static const double su2_recoupling_2_4_3_7[2][2] = { { -0.37796447300922723, 0.92582009977255146 }, { 0.92582009977255146, 0.37796447300922723 } };
static const double su2_recoupling_2_4_3_9[1][1] = { { 1.0000000000000000 } };
static const double su2_recoupling_2_4_4_2[3][3] = { { 0.44721359549995794, -0.67082039324993691, 0.59160797830996160 }, { -0.57735026918962576, 0.28867513459481288, 0.76376261582597333 }, { 0.68313005106397323, 0.68313005106397323, 0.25819888974716113 } };
static const double su2_recoupling_2_4_4_4[3][3] = { { 0.30000000000000000, -0.59160797830996160, 0.74833147735478828 }, { -0.59160797830996160, 0.50000000000000000, 0.63245553203367587 }, { 0.74833147735478828, 0.63245553203367587, 0.20000000000000000 } };
static const double su2_recoupling_2_4_4_6[3][3] = { { 0.16903085094570332, -0.44721359549995794, 0.87831006565367986 }, { -0.53452248382484877, 0.70710678118654752, 0.46291004988627573 }, { 0.82807867121082506, 0.54772255750516611, 0.11952286093343936 } };
static const double su2_recoupling_2_4_4_8[2][2] = { { -0.40824829046386302, 0.91287092917527686 }, { 0.91287092917527686, 0.40824829046386302 } };
static const double su2_recoupling_2_4_4_10[1][1] = { { 1.0000000000000000 } };
static const double su2_recoupling_3_0_0_3[1][1] = { { 1.0000000000000000 } };
static const double su2_recoupling_3_0_1_2[1][1] = { { 1.0000000000000000 } };
static const double su2_recoupling_3_0_1_4[1][1] = { { 1.0000000000000000 } };
static const double su2_recoupling_3_0_2_1[1][1] = { { 1.0000000000000000 } };
static const double su2_recoupling_3_0_2_3[1][1] = { { 1.0000000000000000 } };
static const double su2_recoupling_3_0_2_5[1][1] = { { 1.0000000000000000 } };
static const double su2_recoupling_3_0_3_0[1][1] = { { 1.0000000000000000 } };
static const double su2_recoupling_3_0_3_2[1][1] = { { 1.0000000000000000 } };
static const double su2_recoupling_3_0_3_4[1][1] = { { 1.0000000000000000 } };
static const double su2_recoupling_3_0_3_6[1][1] = { { 1.0000000000000000 } };
static const double su2_recoupling_3_0_4_1[1][1] = { { 1.0000000000000000 } };
static const double su2_recoupling_3_0_4_3[1][1] = { { 1.0000000000000000 } };
static const double su2_recoupling_3_0_4_5[1][1] = { { 1.0000000000000000 } };
static const double su2_recoupling_3_0_4_7[1][1] = { { 1.0000000000000000 } };
static const double su2_recoupling_3_1_0_2[1][1] = { { 1.0000000000000000 } };
static const double su2_recoupling_3_1_0_4[1][1] = { { 1.0000000000000000 } };
static const double su2_recoupling_3_1_1_1[1][1] = { { 1.0000000000000000 } };
static const double su2_recoupling_3_1_1_3[2][2] = { { -0.61237243569579452, 0.79056941504209483 }, { 0.79056941504209483, 0.61237243569579452 } };
static const double su2_recoupling_3_1_1_5[1][1] = { { 1.0000000000000000 } };
static const double su2_recoupling_3_1_2_0[1][1] = { { 1.0000000000000000 } };
static const double su2_recoupling_3_1_2_2[2][2] = { { -0.40824829046386302, 0.91287092917527686 }, { 0.91287092917527686, 0.40824829046386302 } };
static const double su2_recoupling_3_1_2_4[2][2] = { { -0.70710678118654752, 0.70710678118654752 }, { 0.70710678118654752, 0.70710678118654752 } };
static const double su2_recoupling_3_1_2_6[1][1] = { { 1.0000000000000000 } };
static const double su2_recoupling_3_1_3_1[2][2] = { { -0.25000000000000000, 0.96824583655185422 }, { 0.96824583655185422, 0.25000000000000000 } };
static const double su2_recoupling_3_1_3_3[2][2] = { { -0.50000000000000000, 0.86602540378443865 }, { 0.86602540378443865, 0.50000000000000000 } };
static const double su2_recoupling_3_1_3_5[2][2] = { { -0.75000000000000000, 0.66143782776614765 }, { 0.66143782776614765, 0.75000000000000000 } };
static const double su2_recoupling_3_1_3_7[1][1] = { { 1.0000000000000000 } };
static const double su2_recoupling_3_1_4_0[1][1] = { { 1.0000000000000000 } };
static const double su2_recoupling_3_1_4_2[2][2] = { { -0.31622776601683793, 0.94868329805051380 }, { 0.94868329805051380, 0.31622776601683793 } };
static const double su2_recoupling_3_1_4_4[2][2] = { { -0.54772255750516611, 0.83666002653407555 }, { 0.83666002653407555, 0.54772255750516611 } };
static const double su2_recoupling_3_1_4_6[2][2] = { { -0.77459666924148338, 0.63245553203367587 }, { 0.63245553203367587, 0.77459666924148338 } };
static const double su2_recoupling_3_1_4_8[1][1] = { { 1.0000000000000000 } };
static const double su2_recoupling_3_2_0_1[1][1] = { { 1.0000000000000000 } };
static const double su2_recoupling_3_2_0_3[1][1] = { { 1.0000000000000000 } };
static const double su2_recoupling_3_2_0_5[1][1] = { { 1.0000000000000000 } };
static const double su2_recoupling_3_2_1_0[1][1] = { { 1.0000000000000000 } };
static const double su2_recoupling_3_2_1_2[2][2] = { { -0.66666666666666667, 0.74535599249992990 }, { 0.74535599249992990, 0.66666666666666667 } };
static const double su2_recoupling_3_2_1_4[2][2] = { { -0.44721359549995794, 0.89442719099991588 }, { 0.89442719099991588, 0.44721359549995794 } };
static const double su2_recoupling_3_2_1_6[1][1] = { { 1.0000000000000000 } };
static const double su2_recoupling_3_2_2_1[2][2] = { { -0.40824829046386302, 0.91287092917527686 }, { 0.91287092917527686, 0.40824829046386302 } };
static const double su2_recoupling_3_2_2_3[3][3] = { { 0.40824829046386302, -0.64549722436790281, 0.64549722436790281 }, { -0.57735026918962576, 0.36514837167011074, 0.73029674334022148 }, { 0.70710678118654752, 0.67082039324993691, 0.22360679774997897 } };
static const double su2_recoupling_3_2_2_5[2][2] = { { -0.54772255750516611, 0.83666002653407555 }, { 0.83666002653407555, 0.54772255750516611 } };
static const double su2_recoupling_3_2_2_7[1][1] = { { 1.0000000000000000 } };
static const double su2_recoupling_3_2_3_2[3][3] = { { 0.16666666666666667, -0.47140452079103168, 0.86602540378443865 }, { -0.47140452079103168, 0.73333333333333333, 0.48989794855663562 }, { 0.86602540378443865, 0.48989794855663562, 0.10000000000000000 } };
static const double su2_recoupling_3_2_3_4[3][3] = { { 0.50000000000000000, -0.63245553203367587, 0.59160797830996160 }, { -0.63245553203367587, 0.20000000000000000, 0.74833147735478828 }, { 0.59160797830996160, 0.74833147735478828, 0.30000000000000000 } };
static const double su2_recoupling_3_2_3_6[2][2] = { { -0.60000000000000000, 0.80000000000000000 }, { 0.80000000000000000, 0.60000000000000000 } };
static const double su2_recoupling_3_2_3_8[1][1] = { { 1.0000000000000000 } };
static const double su2_recoupling_3_2_4_1[2][2] = { { -0.31622776601683793, 0.94868329805051380 }, { 0.94868329805051380, 0.31622776601683793 } };
static const double su2_recoupling_3_2_4_3[3][3] = { { 0.22360679774997897, -0.50000000000000000, 0.83666002653407555 }, { -0.56568542494923802, 0.63245553203367587, 0.52915026221291812 }, { 0.79372539331937718, 0.59160797830996160, 0.14142135623730950 } };
static const double su2_recoupling_3_2_4_5[3][3] = { { 0.54772255750516611, -0.62360956446232356, 0.55777335102271703 }, { -0.64807406984078602, 0.10540925533894598, 0.75424723326565069 }, { 0.52915026221291812, 0.77459666924148338, 0.34641016151377546 } };
static const double su2_recoupling_3_2_4_7[2][2] = { { -0.63245553203367587, 0.77459666924148338 }, { 0.77459666924148338, 0.63245553203367587 } };
static const double su2_recoupling_3_2_4_9[1][1] = { { 1.0000000000000000 } };
static const double su2_recoupling_3_3_0_0[1][1] = { { 1.0000000000000000 } };
static const double su2_recoupling_3_3_0_2[1][1] = { { 1.0000000000000000 } };
static const double su2_recoupling_3_3_0_4[1][1] = { { 1.0000000000000000 } };
static const double su2_recoupling_3_3_0_6[1][1] = { { 1.0000000000000000 } };
static const double su2_recoupling_3_3_1_1[2][2] = { { -0.61237243569579452, 0.79056941504209483 }, { 0.79056941504209483, 0.61237243569579452 } };
static const double su2_recoupling_3_3_1_3[2][2] = { { -0.50000000000000000, 0.86602540378443865 }, { 0.86602540378443865, 0.50000000000000000 } };
static const double su2_recoupling_3_3_1_5[2][2] = { { -0.35355339059327376, 0.93541434669348535 }, { 0.93541434669348535, 0.35355339059327376 } };
static const double su2_recoupling_3_3_1_7[1][1] = { { 1.0000000000000000 } };
static const double su2_recoupling_3_3_2_2[3][3] = { { 0.40824829046386302, -0.57735026918962576, 0.70710678118654752 }, { -0.64549722436790281, 0.36514837167011074, 0.67082039324993691 }, { 0.64549722436790281, 0.73029674334022148, 0.22360679774997897 } };
static const double su2_recoupling_3_3_2_4[3][3] = { { 0.22360679774997897, -0.56568542494923802, 0.79372539331937718 }, { -0.50000000000000000, 0.63245553203367587, 0.59160797830996160 }, { 0.83666002653407555, 0.52915026221291812, 0.14142135623730950 } };
static const double su2_recoupling_3_3_2_6[2][2] = { { -0.44721359549995794, 0.89442719099991588 }, { 0.89442719099991588, 0.44721359549995794 } };
static const double su2_recoupling_3_3_2_8[1][1] = { { 1.0000000000000000 } };
static const double su2_recoupling_3_3_3_3[4][4] = { { -0.25000000000000000, 0.43301270189221932, -0.55901699437494742, 0.66143782776614765 }, { 0.43301270189221932, -0.55000000000000000, 0.19364916731037084, 0.68738635424337600 }, { -0.55901699437494742, 0.19364916731037084, 0.75000000000000000, 0.29580398915498080 }, { 0.66143782776614765, 0.68738635424337600, 0.29580398915498080, 0.050000000000000000 } };
static const double su2_recoupling_3_3_3_5[3][3] = { { 0.30000000000000000, -0.59160797830996160, 0.74833147735478828 }, { -0.59160797830996160, 0.50000000000000000, 0.63245553203367587 }, { 0.74833147735478828, 0.63245553203367587, 0.20000000000000000 } };
static const double su2_recoupling_3_3_3_7[2][2] = { { -0.50000000000000000, 0.86602540378443865 }, { 0.86602540378443865, 0.50000000000000000 } };
static const double su2_recoupling_3_3_3_9[1][1] = { { 1.0000000000000000 } };
static const double su2_recoupling_3_3_4_2[3][3] = { { 0.22360679774997897, -0.56568542494923802, 0.79372539331937718 }, { -0.50000000000000000, 0.63245553203367587, 0.59160797830996160 }, { 0.83666002653407555, 0.52915026221291812, 0.14142135623730950 } };
static const double su2_recoupling_3_3_4_4[4][4] = { { -0.31622776601683793, 0.44721359549995794, -0.54772255750516611, 0.63245553203367587 }, { 0.51961524227066319, -0.48989794855663562, 0.10000000000000000, 0.69282032302755092 }, { -0.59160797830996160, 0, 0.73192505471139988, 0.33806170189140663 }, { 0.52915026221291812, 0.74833147735478828, 0.39279220242478629, 0.075592894601845445 } };
static const double su2_recoupling_3_3_4_6[3][3] = { { 0.34641016151377546, -0.60474315681476356, 0.71713716560063618 }, { -0.63245553203367587, 0.41403933560541253, 0.65465367070797714 }, { 0.69282032302755092, 0.68033605141660901, 0.23904572186687873 } };
static const double su2_recoupling_3_3_4_8[2][2] = { { -0.53452248382484877, 0.84515425472851658 }, { 0.84515425472851658, 0.53452248382484877 } };
static const double su2_recoupling_3_3_4_10[1][1] = { { 1.0000000000000000 } };
static const double su2_recoupling_3_4_0_1[1][1] = { { 1.0000000000000000 } };
static const double su2_recoupling_3_4_0_3[1][1] = { { 1.0000000000000000 } };
static const double su2_recoupling_3_4_0_5[1][1] = { { 1.0000000000000000 } };
static const double su2_recoupling_3_4_0_7[1][1] = { { 1.0000000000000000 } };
static const double su2_recoupling_3_4_1_0[1][1] = { { 1.0000000000000000 } };
static const double su2_recoupling_3_4_1_2[2][2] = { { -0.44721359549995794, 0.89442719099991588 }, { 0.89442719099991588, 0.44721359549995794 } };
static const double su2_recoupling_3_4_1_4[2][2] = { { -0.40000000000000000, 0.91651513899116800 }, { 0.91651513899116800, 0.40000000000000000 } };
static const double su2_recoupling_3_4_1_6[2][2] = { { -0.29277002188455995, 0.95618288746751491 }, { 0.95618288746751491, 0.29277002188455995 } };
static const double su2_recoupling_3_4_1_8[1][1] = { { 1.0000000000000000 } };
static const double su2_recoupling_3_4_2_1[2][2] = { { -0.70710678118654752, 0.70710678118654752 }, { 0.70710678118654752, 0.70710678118654752 } };
static const double su2_recoupling_3_4_2_3[3][3] = { { 0.22360679774997897, -0.50000000000000000, 0.83666002653407555 }, { -0.56568542494923802, 0.63245553203367587, 0.52915026221291812 }, { 0.79372539331937718, 0.59160797830996160, 0.14142135623730950 } };
static const double su2_recoupling_3_4_2_5[3][3] = { { 0.14142135623730950, -0.48304589153964795, 0.86409875978771470 }, { -0.42426406871192851, 0.75907211527658964, 0.49377071987869411 }, { 0.89442719099991588, 0.43643578047198476, 0.097590007294853318 } };
static const double su2_recoupling_3_4_2_7[2][2] = { { -0.37796447300922723, 0.92582009977255146 }, { 0.92582009977255146, 0.37796447300922723 } };
static const double su2_recoupling_3_4_2_9[1][1] = { { 1.0000000000000000 } };
static const double su2_recoupling_3_4_3_2[3][3] = { { 0.50000000000000000, -0.63245553203367587, 0.59160797830996160 }, { -0.63245553203367587, 0.20000000000000000, 0.74833147735478828 }, { 0.59160797830996160, 0.74833147735478828, 0.30000000000000000 } };
static const double su2_recoupling_3_4_3_4[4][4] = { { -0.10000000000000000, 0.28284271247461901, -0.51961524227066319, 0.80000000000000000 }, { 0.28284271247461901, -0.60000000000000000, 0.48989794855663562, 0.56568542494923802 }, { -0.51961524227066319, 0.48989794855663562, 0.67142857142857143, 0.19794866372215741 }, { 0.80000000000000000, 0.56568542494923802, 0.19794866372215741, 0.028571428571428571 } };
static const double su2_recoupling_3_4_3_6[3][3] = { { 0.20000000000000000, -0.52372293656638171, 0.82807867121082506 }, { -0.52372293656638171, 0.65714285714285714, 0.54210474174315074 }, { 0.82807867121082506, 0.54210474174315074, 0.14285714285714286 } };
static const double su2_recoupling_3_4_3_8[2][2] = { { -0.42857142857142857, 0.90350790290525124 }, { 0.90350790290525124, 0.42857142857142857 } };
static const double su2_recoupling_3_4_3_10[1][1] = { { 1.0000000000000000 } };
static const double su2_recoupling_3_4_4_3[4][4] = { { -0.31622776601683793, 0.51961524227066319, -0.59160797830996160, 0.52915026221291812 }, { 0.44721359549995794, -0.48989794855663562, 0, 0.74833147735478828 }, { -0.54772255750516611, 0.10000000000000000, 0.73192505471139988, 0.39279220242478629 }, { 0.63245553203367587, 0.69282032302755092, 0.33806170189140663, 0.075592894601845445 } };
static const double su2_recoupling_3_4_4_5[4][4] = { { -0.14142135623730950, 0.31622776601683793, -0.52915026221291812, 0.77459666924148338 }, { 0.37416573867739414, -0.59761430466719682, 0.40000000000000000, 0.58554004376911991 }, { -0.60000000000000000, 0.31943828249996996, 0.69487922897230340, 0.23473823893078548 }, { 0.69282032302755092, 0.66394000220698575, 0.27774602993176544, 0.045175395145262562 } };
static const double su2_recoupling_3_4_4_7[3][3] = { { 0.23904572186687873, -0.54772255750516611, 0.80178372573727315 }, { -0.57498890849994592, 0.58554004376911991, 0.57142857142857143 }, { 0.78246079643595159, 0.59761430466719682, 0.17496355305594129 } };
static const double su2_recoupling_3_4_4_9[2][2] = { { -0.46291004988627573, 0.88640526042791833 }, { 0.88640526042791833, 0.46291004988627573 } };
static const double su2_recoupling_3_4_4_11[1][1] = { { 1.0000000000000000 } };
static const double su2_recoupling_4_0_0_4[1][1] = { { 1.0000000000000000 } };
static const double su2_recoupling_4_0_1_3[1][1] = { { 1.0000000000000000 } };
static const double su2_recoupling_4_0_1_5[1][1] = { { 1.0000000000000000 } };
static const double su2_recoupling_4_0_2_2[1][1] = { { 1.0000000000000000 } };
static const double su2_recoupling_4_0_2_4[1][1] = { { 1.0000000000000000 } };
static const double su2_recoupling_4_0_2_6[1][1] = { { 1.0000000000000000 } };
static const double su2_recoupling_4_0_3_1[1][1] = { { 1.0000000000000000 } };
static const double su2_recoupling_4_0_3_3[1][1] = { { 1.0000000000000000 } };
static const double su2_recoupling_4_0_3_5[1][1] = { { 1.0000000000000000 } };
static const double su2_recoupling_4_0_3_7[1][1] = { { 1.0000000000000000 } };
static const double su2_recoupling_4_0_4_0[1][1] = { { 1.0000000000000000 } };
static const double su2_recoupling_4_0_4_2[1][1] = { { 1.0000000000000000 } };
static const double su2_recoupling_4_0_4_4[1][1] = { { 1.0000000000000000 } };
static const double su2_recoupling_4_0_4_6[1][1] = { { 1.0000000000000000 } };
static const double su2_recoupling_4_0_4_8[1][1] = { { 1.0000000000000000 } };
static const double su2_recoupling_4_1_0_3[1][1] = { { 1.0000000000000000 } };
static const double su2_recoupling_4_1_0_5[1][1] = { { 1.0000000000000000 } };
static const double su2_recoupling_4_1_1_2[1][1] = { { 1.0000000000000000 } };
static const double su2_recoupling_4_1_1_4[2][2] = { { -0.63245553203367587, 0.77459666924148338 }, { 0.77459666924148338, 0.63245553203367587 } };
static const double su2_recoupling_4_1_1_6[1][1] = { { 1.0000000000000000 } };
static const double su2_recoupling_4_1_2_1[1][1] = { { 1.0000000000000000 } };
static const double su2_recoupling_4_1_2_3[2][2] = { { -0.44721359549995794, 0.89442719099991588 }, { 0.89442719099991588, 0.44721359549995794 } };
