/// \file su2_recoupling.c
/// \brief SU(2) recoupling coefficient tables.
///
/// This file has been generated by 'su2_recoupling_gen.py'.

#include <stdlib.h>
#include <assert.h>
#include "su2_recoupling.h"
#include "util.h"


// format: su2_recoupling_ja_jb_jc_js[n][n]
static const double su2_recoupling_0_0_0_0[1][1] = { { 1.0000000000000000 } };
static const double su2_recoupling_0_0_1_1[1][1] = { { 1.0000000000000000 } };
static const double su2_recoupling_0_0_2_2[1][1] = { { 1.0000000000000000 } };
static const double su2_recoupling_0_0_3_3[1][1] = { { 1.0000000000000000 } };
static const double su2_recoupling_0_0_4_4[1][1] = { { 1.0000000000000000 } };
static const double su2_recoupling_0_0_5_5[1][1] = { { 1.0000000000000000 } };
static const double su2_recoupling_0_1_0_1[1][1] = { { 1.0000000000000000 } };
static const double su2_recoupling_0_1_1_0[1][1] = { { 1.0000000000000000 } };
static const double su2_recoupling_0_1_1_2[1][1] = { { 1.0000000000000000 } };
static const double su2_recoupling_0_1_2_1[1][1] = { { 1.0000000000000000 } };
static const double su2_recoupling_0_1_2_3[1][1] = { { 1.0000000000000000 } };
static const double su2_recoupling_0_1_3_2[1][1] = { { 1.0000000000000000 } };
static const double su2_recoupling_0_1_3_4[1][1] = { { 1.0000000000000000 } };
static const double su2_recoupling_0_1_4_3[1][1] = { { 1.0000000000000000 } };
static const double su2_recoupling_0_1_4_5[1][1] = { { 1.0000000000000000 } };
static const double su2_recoupling_0_1_5_4[1][1] = { { 1.0000000000000000 } };
static const double su2_recoupling_0_1_5_6[1][1] = { { 1.0000000000000000 } };
static const double su2_recoupling_0_2_0_2[1][1] = { { 1.0000000000000000 } };
static const double su2_recoupling_0_2_1_1[1][1] = { { 1.0000000000000000 } };
static const double su2_recoupling_0_2_1_3[1][1] = { { 1.0000000000000000 } };
static const double su2_recoupling_0_2_2_0[1][1] = { { 1.0000000000000000 } };
static const double su2_recoupling_0_2_2_2[1][1] = { { 1.0000000000000000 } };
static const double su2_recoupling_0_2_2_4[1][1] = { { 1.0000000000000000 } };
static const double su2_recoupling_0_2_3_1[1][1] = { { 1.0000000000000000 } };
static const double su2_recoupling_0_2_3_3[1][1] = { { 1.0000000000000000 } };
static const double su2_recoupling_0_2_3_5[1][1] = { { 1.0000000000000000 } };
static const double su2_recoupling_0_2_4_2[1][1] = { { 1.0000000000000000 } };
static const double su2_recoupling_0_2_4_4[1][1] = { { 1.0000000000000000 } };
static const double su2_recoupling_0_2_4_6[1][1] = { { 1.0000000000000000 } };
static const double su2_recoupling_0_2_5_3[1][1] = { { 1.0000000000000000 } };
static const double su2_recoupling_0_2_5_5[1][1] = { { 1.0000000000000000 } };
static const double su2_recoupling_0_2_5_7[1][1] = { { 1.0000000000000000 } };
static const double su2_recoupling_0_3_0_3[1][1] = { { 1.0000000000000000 } };
static const double su2_recoupling_0_3_1_2[1][1] = { { 1.0000000000000000 } };
static const double su2_recoupling_0_3_1_4[1][1] = { { 1.0000000000000000 } };
static const double su2_recoupling_0_3_2_1[1][1] = { { 1.0000000000000000 } };
static const double su2_recoupling_0_3_2_3[1][1] = { { 1.0000000000000000 } };
static const double su2_recoupling_0_3_2_5[1][1] = { { 1.0000000000000000 } };
static const double su2_recoupling_0_3_3_0[1][1] = { { 1.0000000000000000 } };
static const double su2_recoupling_0_3_3_2[1][1] = { { 1.0000000000000000 } };
static const double su2_recoupling_0_3_3_4[1][1] = { { 1.0000000000000000 } };
static const double su2_recoupling_0_3_3_6[1][1] = { { 1.0000000000000000 } };
static const double su2_recoupling_0_3_4_1[1][1] = { { 1.0000000000000000 } };
static const double su2_recoupling_0_3_4_3[1][1] = { { 1.0000000000000000 } };
static const double su2_recoupling_0_3_4_5[1][1] = { { 1.0000000000000000 } };
static const double su2_recoupling_0_3_4_7[1][1] = { { 1.0000000000000000 } };
static const double su2_recoupling_0_3_5_2[1][1] = { { 1.0000000000000000 } };
static const double su2_recoupling_0_3_5_4[1][1] = { { 1.0000000000000000 } };
static const double su2_recoupling_0_3_5_6[1][1] = { { 1.0000000000000000 } };
static const double su2_recoupling_0_3_5_8[1][1] = { { 1.0000000000000000 } };
static const double su2_recoupling_0_4_0_4[1][1] = { { 1.0000000000000000 } };
static const double su2_recoupling_0_4_1_3[1][1] = { { 1.0000000000000000 } };
static const double su2_recoupling_0_4_1_5[1][1] = { { 1.0000000000000000 } };
static const double su2_recoupling_0_4_2_2[1][1] = { { 1.0000000000000000 } };
static const double su2_recoupling_0_4_2_4[1][1] = { { 1.0000000000000000 } };
static const double su2_recoupling_0_4_2_6[1][1] = { { 1.0000000000000000 } };
static const double su2_recoupling_0_4_3_1[1][1] = { { 1.0000000000000000 } };
static const double su2_recoupling_0_4_3_3[1][1] = { { 1.0000000000000000 } };
static const double su2_recoupling_0_4_3_5[1][1] = { { 1.0000000000000000 } };
static const double su2_recoupling_0_4_3_7[1][1] = { { 1.0000000000000000 } };
static const double su2_recoupling_0_4_4_0[1][1] = { { 1.0000000000000000 } };
static const double su2_recoupling_0_4_4_2[1][1] = { { 1.0000000000000000 } };
static const double su2_recoupling_0_4_4_4[1][1] = { { 1.0000000000000000 } };
static const double su2_recoupling_0_4_4_6[1][1] = { { 1.0000000000000000 } };
static const double su2_recoupling_0_4_4_8[1][1] = { { 1.0000000000000000 } };
static const double su2_recoupling_0_4_5_1[1][1] = { { 1.0000000000000000 } };
static const double su2_recoupling_0_4_5_3[1][1] = { { 1.0000000000000000 } };
static const double su2_recoupling_0_4_5_5[1][1] = { { 1.0000000000000000 } };
static const double su2_recoupling_0_4_5_7[1][1] = { { 1.0000000000000000 } };
static const double su2_recoupling_0_4_5_9[1][1] = { { 1.0000000000000000 } };
static const double su2_recoupling_0_5_0_5[1][1] = { { 1.0000000000000000 } };
static const double su2_recoupling_0_5_1_4[1][1] = { { 1.0000000000000000 } };
static const double su2_recoupling_0_5_1_6[1][1] = { { 1.0000000000000000 } };
static const double su2_recoupling_0_5_2_3[1][1] = { { 1.0000000000000000 } };
static const double su2_recoupling_0_5_2_5[1][1] = { { 1.0000000000000000 } };
static const double su2_recoupling_0_5_2_7[1][1] = { { 1.0000000000000000 } };
static const double su2_recoupling_0_5_3_2[1][1] = { { 1.0000000000000000 } };
static const double su2_recoupling_0_5_3_4[1][1] = { { 1.0000000000000000 } };
static const double su2_recoupling_0_5_3_6[1][1] = { { 1.0000000000000000 } };
static const double su2_recoupling_0_5_3_8[1][1] = { { 1.0000000000000000 } };
static const double su2_recoupling_0_5_4_1[1][1] = { { 1.0000000000000000 } };
static const double su2_recoupling_0_5_4_3[1][1] = { { 1.0000000000000000 } };
static const double su2_recoupling_0_5_4_5[1][1] = { { 1.0000000000000000 } };
static const double su2_recoupling_0_5_4_7[1][1] = { { 1.0000000000000000 } };
static const double su2_recoupling_0_5_4_9[1][1] = { { 1.0000000000000000 } };
static const double su2_recoupling_0_5_5_0[1][1] = { { 1.0000000000000000 } };
static const double su2_recoupling_0_5_5_2[1][1] = { { 1.0000000000000000 } };
static const double su2_recoupling_0_5_5_4[1][1] = { { 1.0000000000000000 } };
static const double su2_recoupling_0_5_5_6[1][1] = { { 1.0000000000000000 } };
static const double su2_recoupling_0_5_5_8[1][1] = { { 1.0000000000000000 } };
static const double su2_recoupling_0_5_5_10[1][1] = { { 1.0000000000000000 } };
static const double su2_recoupling_1_0_0_1[1][1] = { { 1.0000000000000000 } };
static const double su2_recoupling_1_0_1_0[1][1] = { { 1.0000000000000000 } };
static const double su2_recoupling_1_0_1_2[1][1] = { { 1.0000000000000000 } };
static const double su2_recoupling_1_0_2_1[1][1] = { { 1.0000000000000000 } };
static const double su2_recoupling_1_0_2_3[1][1] = { { 1.0000000000000000 } };
static const double su2_recoupling_1_0_3_2[1][1] = { { 1.0000000000000000 } };
static const double su2_recoupling_1_0_3_4[1][1] = { { 1.0000000000000000 } };
static const double su2_recoupling_1_0_4_3[1][1] = { { 1.0000000000000000 } };
static const double su2_recoupling_1_0_4_5[1][1] = { { 1.0000000000000000 } };
static const double su2_recoupling_1_0_5_4[1][1] = { { 1.0000000000000000 } };
static const double su2_recoupling_1_0_5_6[1][1] = { { 1.0000000000000000 } };
static const double su2_recoupling_1_1_0_0[1][1] = { { 1.0000000000000000 } };
static const double su2_recoupling_1_1_0_2[1][1] = { { 1.0000000000000000 } };
static const double su2_recoupling_1_1_1_1[2][2] = { { -0.50000000000000000, 0.86602540378443865 }, { 0.86602540378443865, 0.50000000000000000 } };
static const double su2_recoupling_1_1_1_3[1][1] = { { 1.0000000000000000 } };
static const double su2_recoupling_1_1_2_0[1][1] = { { 1.0000000000000000 } };
static const double su2_recoupling_1_1_2_2[2][2] = { { -0.57735026918962576, 0.81649658092772603 }, { 0.81649658092772603, 0.57735026918962576 } };
static const double su2_recoupling_1_1_2_4[1][1] = { { 1.0000000000000000 } };
static const double su2_recoupling_1_1_3_1[1][1] = { { 1.0000000000000000 } };
static const double su2_recoupling_1_1_3_3[2][2] = { { -0.61237243569579452, 0.79056941504209483 }, { 0.79056941504209483, 0.61237243569579452 } };
static const double su2_recoupling_1_1_3_5[1][1] = { { 1.0000000000000000 } };
static const double su2_recoupling_1_1_4_2[1][1] = { { 1.0000000000000000 } };
static const double su2_recoupling_1_1_4_4[2][2] = { { -0.63245553203367587, 0.77459666924148338 }, { 0.77459666924148338, 0.63245553203367587 } };
static const double su2_recoupling_1_1_4_6[1][1] = { { 1.0000000000000000 } };
static const double su2_recoupling_1_1_5_3[1][1] = { { 1.0000000000000000 } };
static const double su2_recoupling_1_1_5_5[2][2] = { { -0.64549722436790281, 0.76376261582597333 }, { 0.76376261582597333, 0.64549722436790281 } };
static const double su2_recoupling_1_1_5_7[1][1] = { { 1.0000000000000000 } };
static const double su2_recoupling_1_2_0_1[1][1] = { { 1.0000000000000000 } };
static const double su2_recoupling_1_2_0_3[1][1] = { { 1.0000000000000000 } };
static const double su2_recoupling_1_2_1_0[1][1] = { { 1.0000000000000000 } };
static const double su2_recoupling_1_2_1_2[2][2] = { { -0.33333333333333333, 0.94280904158206337 }, { 0.94280904158206337, 0.33333333333333333 } };
static const double su2_recoupling_1_2_1_4[1][1] = { { 1.0000000000000000 } };
static const double su2_recoupling_1_2_2_1[2][2] = { { -0.57735026918962576, 0.81649658092772603 }, { 0.81649658092772603, 0.57735026918962576 } };
static const double su2_recoupling_1_2_2_3[2][2] = { { -0.40824829046386302, 0.91287092917527686 }, { 0.91287092917527686, 0.40824829046386302 } };
static const double su2_recoupling_1_2_2_5[1][1] = { { 1.0000000000000000 } };
static const double su2_recoupling_1_2_3_0[1][1] = { { 1.0000000000000000 } };
static const double su2_recoupling_1_2_3_2[2][2] = { { -0.66666666666666667, 0.74535599249992990 }, { 0.74535599249992990, 0.66666666666666667 } };
static const double su2_recoupling_1_2_3_4[2][2] = { { -0.44721359549995794, 0.89442719099991588 }, { 0.89442719099991588, 0.44721359549995794 } };
static const double su2_recoupling_1_2_3_6[1][1] = { { 1.0000000000000000 } };
static const double su2_recoupling_1_2_4_1[1][1] = { { 1.0000000000000000 } };
static const double su2_recoupling_1_2_4_3[2][2] = { { -0.70710678118654752, 0.70710678118654752 }, { 0.70710678118654752, 0.70710678118654752 } };
static const double su2_recoupling_1_2_4_5[2][2] = { { -0.47140452079103168, 0.88191710368819686 }, { 0.88191710368819686, 0.47140452079103168 } };
static const double su2_recoupling_1_2_4_7[1][1] = { { 1.0000000000000000 } };
static const double su2_recoupling_1_2_5_2[1][1] = { { 1.0000000000000000 } };
static const double su2_recoupling_1_2_5_4[2][2] = { { -0.73029674334022148, 0.68313005106397323 }, { 0.68313005106397323, 0.73029674334022148 } };
static const double su2_recoupling_1_2_5_6[2][2] = { { -0.48795003647426659, 0.87287156094396953 }, { 0.87287156094396953, 0.48795003647426659 } };
static const double su2_recoupling_1_2_5_8[1][1] = { { 1.0000000000000000 } };
static const double su2_recoupling_1_3_0_2[1][1] = { { 1.0000000000000000 } };
static const double su2_recoupling_1_3_0_4[1][1] = { { 1.0000000000000000 } };
static const double su2_recoupling_1_3_1_1[1][1] = { { 1.0000000000000000 } };
static const double su2_recoupling_1_3_1_3[2][2] = { { -0.25000000000000000, 0.96824583655185422 }, { 0.96824583655185422, 0.25000000000000000 } };
static const double su2_recoupling_1_3_1_5[1][1] = { { 1.0000000000000000 } };
static const double su2_recoupling_1_3_2_0[1][1] = { { 1.0000000000000000 } };
static const double su2_recoupling_1_3_2_2[2][2] = { { -0.40824829046386302, 0.91287092917527686 }, { 0.91287092917527686, 0.40824829046386302 } };
static const double su2_recoupling_1_3_2_4[2][2] = { { -0.31622776601683793, 0.94868329805051380 }, { 0.94868329805051380, 0.31622776601683793 } };
static const double su2_recoupling_1_3_2_6[1][1] = { { 1.0000000000000000 } };
static const double su2_recoupling_1_3_3_1[2][2] = { { -0.61237243569579452, 0.79056941504209483 }, { 0.79056941504209483, 0.61237243569579452 } };
static const double su2_recoupling_1_3_3_3[2][2] = { { -0.50000000000000000, 0.86602540378443865 }, { 0.86602540378443865, 0.50000000000000000 } };
static const double su2_recoupling_1_3_3_5[2][2] = { { -0.35355339059327376, 0.93541434669348535 }, { 0.93541434669348535, 0.35355339059327376 } };
static const double su2_recoupling_1_3_3_7[1][1] = { { 1.0000000000000000 } };
static const double su2_recoupling_1_3_4_0[1][1] = { { 1.0000000000000000 } };
static const double su2_recoupling_1_3_4_2[2][2] = { { -0.70710678118654752, 0.70710678118654752 }, { 0.70710678118654752, 0.70710678118654752 } };
static const double su2_recoupling_1_3_4_4[2][2] = { { -0.54772255750516611, 0.83666002653407555 }, { 0.83666002653407555, 0.54772255750516611 } };
static const double su2_recoupling_1_3_4_6[2][2] = { { -0.37796447300922723, 0.92582009977255146 }, { 0.92582009977255146, 0.37796447300922723 } };
static const double su2_recoupling_1_3_4_8[1][1] = { { 1.0000000000000000 } };
static const double su2_recoupling_1_3_5_1[1][1] = { { 1.0000000000000000 } };
static const double su2_recoupling_1_3_5_3[2][2] = { { -0.75000000000000000, 0.66143782776614765 }, { 0.66143782776614765, 0.75000000000000000 } };
static const double su2_recoupling_1_3_5_5[2][2] = { { -0.57735026918962576, 0.81649658092772603 }, { 0.81649658092772603, 0.57735026918962576 } };
static const double su2_recoupling_1_3_5_7[2][2] = { { -0.39528470752104742, 0.91855865354369179 }, { 0.91855865354369179, 0.39528470752104742 } };
static const double su2_recoupling_1_3_5_9[1][1] = { { 1.0000000000000000 } };
static const double su2_recoupling_1_4_0_3[1][1] = { { 1.0000000000000000 } };
static const double su2_recoupling_1_4_0_5[1][1] = { { 1.0000000000000000 } };
static const double su2_recoupling_1_4_1_2[1][1] = { { 1.0000000000000000 } };
static const double su2_recoupling_1_4_1_4[2][2] = { { -0.20000000000000000, 0.97979589711327124 }, { 0.97979589711327124, 0.20000000000000000 } };
static const double su2_recoupling_1_4_1_6[1][1] = { { 1.0000000000000000 } };
static const double su2_recoupling_1_4_2_1[1][1] = { { 1.0000000000000000 } };
static const double su2_recoupling_1_4_2_3[2][2] = { { -0.31622776601683793, 0.94868329805051380 }, { 0.94868329805051380, 0.31622776601683793 } };
static const double su2_recoupling_1_4_2_5[2][2] = { { -0.25819888974716113, 0.96609178307929590 }, { 0.96609178307929590, 0.25819888974716113 } };
static const double su2_recoupling_1_4_2_7[1][1] = { { 1.0000000000000000 } };
static const double su2_recoupling_1_4_3_0[1][1] = { { 1.0000000000000000 } };
static const double su2_recoupling_1_4_3_2[2][2] = { { -0.44721359549995794, 0.89442719099991588 }, { 0.89442719099991588, 0.44721359549995794 } };
static const double su2_recoupling_1_4_3_4[2][2] = { { -0.40000000000000000, 0.91651513899116800 }, { 0.91651513899116800, 0.40000000000000000 } };
static const double su2_recoupling_1_4_3_6[2][2] = { { -0.29277002188455995, 0.95618288746751491 }, { 0.95618288746751491, 0.29277002188455995 } };
static const double su2_recoupling_1_4_3_8[1][1] = { { 1.0000000000000000 } };
static const double su2_recoupling_1_4_4_1[2][2] = { { -0.63245553203367587, 0.77459666924148338 }, { 0.77459666924148338, 0.63245553203367587 } };
static const double su2_recoupling_1_4_4_3[2][2] = { { -0.54772255750516611, 0.83666002653407555 }, { 0.83666002653407555, 0.54772255750516611 } };
static const double su2_recoupling_1_4_4_5[2][2] = { { -0.44721359549995794, 0.89442719099991588 }, { 0.89442719099991588, 0.44721359549995794 } };
static const double su2_recoupling_1_4_4_7[2][2] = { { -0.31622776601683793, 0.94868329805051380 }, { 0.94868329805051380, 0.31622776601683793 } };
static const double su2_recoupling_1_4_4_9[1][1] = { { 1.0000000000000000 } };
static const double su2_recoupling_1_4_5_0[1][1] = { { 1.0000000000000000 } };
static const double su2_recoupling_1_4_5_2[2][2] = { { -0.73029674334022148, 0.68313005106397323 }, { 0.68313005106397323, 0.73029674334022148 } };
static const double su2_recoupling_1_4_5_4[2][2] = { { -0.60000000000000000, 0.80000000000000000 }, { 0.80000000000000000, 0.60000000000000000 } };
static const double su2_recoupling_1_4_5_6[2][2] = { { -0.47809144373375746, 0.87831006565367986 }, { 0.87831006565367986, 0.47809144373375746 } };
static const double su2_recoupling_1_4_5_8[2][2] = { { -0.33333333333333333, 0.94280904158206337 }, { 0.94280904158206337, 0.33333333333333333 } };
static const double su2_recoupling_1_4_5_10[1][1] = { { 1.0000000000000000 } };
static const double su2_recoupling_1_5_0_4[1][1] = { { 1.0000000000000000 } };
static const double su2_recoupling_1_5_0_6[1][1] = { { 1.0000000000000000 } };
static const double su2_recoupling_1_5_1_3[1][1] = { { 1.0000000000000000 } };
static const double su2_recoupling_1_5_1_5[2][2] = { { -0.16666666666666667, 0.98601329718326934 }, { 0.98601329718326934, 0.16666666666666667 } };
static const double su2_recoupling_1_5_1_7[1][1] = { { 1.0000000000000000 } };
static const double su2_recoupling_1_5_2_2[1][1] = { { 1.0000000000000000 } };
static const double su2_recoupling_1_5_2_4[2][2] = { { -0.25819888974716113, 0.96609178307929590 }, { 0.96609178307929590, 0.25819888974716113 } };
static const double su2_recoupling_1_5_2_6[2][2] = { { -0.21821789023599238, 0.97590007294853318 }, { 0.97590007294853318, 0.21821789023599238 } };
static const double su2_recoupling_1_5_2_8[1][1] = { { 1.0000000000000000 } };
static const double su2_recoupling_1_5_3_1[1][1] = { { 1.0000000000000000 } };
static const double su2_recoupling_1_5_3_3[2][2] = { { -0.35355339059327376, 0.93541434669348535 }, { 0.93541434669348535, 0.35355339059327376 } };
static const double su2_recoupling_1_5_3_5[2][2] = { { -0.33333333333333333, 0.94280904158206337 }, { 0.94280904158206337, 0.33333333333333333 } };
static const double su2_recoupling_1_5_3_7[2][2] = { { -0.25000000000000000, 0.96824583655185422 }, { 0.96824583655185422, 0.25000000000000000 } };
static const double su2_recoupling_1_5_3_9[1][1] = { { 1.0000000000000000 } };
static const double su2_recoupling_1_5_4_0[1][1] = { { 1.0000000000000000 } };
static const double su2_recoupling_1_5_4_2[2][2] = { { -0.47140452079103168, 0.88191710368819686 }, { 0.88191710368819686, 0.47140452079103168 } };
static const double su2_recoupling_1_5_4_4[2][2] = { { -0.44721359549995794, 0.89442719099991588 }, { 0.89442719099991588, 0.44721359549995794 } };
static const double su2_recoupling_1_5_4_6[2][2] = { { -0.37796447300922723, 0.92582009977255146 }, { 0.92582009977255146, 0.37796447300922723 } };
static const double su2_recoupling_1_5_4_8[2][2] = { { -0.27216552697590868, 0.96225044864937627 }, { 0.96225044864937627, 0.27216552697590868 } };
static const double su2_recoupling_1_5_4_10[1][1] = { { 1.0000000000000000 } };
static const double su2_recoupling_1_5_5_1[2][2] = { { -0.64549722436790281, 0.76376261582597333 }, { 0.76376261582597333, 0.64549722436790281 } };
static const double su2_recoupling_1_5_5_3[2][2] = { { -0.57735026918962576, 0.81649658092772603 }, { 0.81649658092772603, 0.57735026918962576 } };
static const double su2_recoupling_1_5_5_5[2][2] = { { -0.50000000000000000, 0.86602540378443865 }, { 0.86602540378443865, 0.50000000000000000 } };
static const double su2_recoupling_1_5_5_7[2][2] = { { -0.40824829046386302, 0.91287092917527686 }, { 0.91287092917527686, 0.40824829046386302 } };
static const double su2_recoupling_1_5_5_9[2][2] = { { -0.28867513459481288, 0.95742710775633811 }, { 0.95742710775633811, 0.28867513459481288 } };
static const double su2_recoupling_1_5_5_11[1][1] = { { 1.0000000000000000 } };
static const double su2_recoupling_2_0_0_2[1][1] = { { 1.0000000000000000 } };
static const double su2_recoupling_2_0_1_1[1][1] = { { 1.0000000000000000 } };
static const double su2_recoupling_2_0_1_3[1][1] = { { 1.0000000000000000 } };
static const double su2_recoupling_2_0_2_0[1][1] = { { 1.0000000000000000 } };
static const double su2_recoupling_2_0_2_2[1][1] = { { 1.0000000000000000 } };
static const double su2_recoupling_2_0_2_4[1][1] = { { 1.0000000000000000 } };
static const double su2_recoupling_2_0_3_1[1][1] = { { 1.0000000000000000 } };
static const double su2_recoupling_2_0_3_3[1][1] = { { 1.0000000000000000 } };
static const double su2_recoupling_2_0_3_5[1][1] = { { 1.0000000000000000 } };
static const double su2_recoupling_2_0_4_2[1][1] = { { 1.0000000000000000 } };
static const double su2_recoupling_2_0_4_4[1][1] = { { 1.0000000000000000 } };
static const double su2_recoupling_2_0_4_6[1][1] = { { 1.0000000000000000 } };
static const double su2_recoupling_2_0_5_3[1][1] = { { 1.0000000000000000 } };
static const double su2_recoupling_2_0_5_5[1][1] = { { 1.0000000000000000 } };
static const double su2_recoupling_2_0_5_7[1][1] = { { 1.0000000000000000 } };
static const double su2_recoupling_2_1_0_1[1][1] = { { 1.0000000000000000 } };
static const double su2_recoupling_2_1_0_3[1][1] = { { 1.0000000000000000 } };
static const double su2_recoupling_2_1_1_0[1][1] = { { 1.0000000000000000 } };
static const double su2_recoupling_2_1_1_2[2][2] = { { -0.57735026918962576, 0.81649658092772603 }, { 0.81649658092772603, 0.57735026918962576 } };
static const double su2_recoupling_2_1_1_4[1][1] = { { 1.0000000000000000 } };
static const double su2_recoupling_2_1_2_1[2][2] = { { -0.33333333333333333, 0.94280904158206337 }, { 0.94280904158206337, 0.33333333333333333 } };
static const double su2_recoupling_2_1_2_3[2][2] = { { -0.66666666666666667, 0.74535599249992990 }, { 0.74535599249992990, 0.66666666666666667 } };
static const double su2_recoupling_2_1_2_5[1][1] = { { 1.0000000000000000 } };
static const double su2_recoupling_2_1_3_0[1][1] = { { 1.0000000000000000 } };
static const double su2_recoupling_2_1_3_2[2][2] = { { -0.40824829046386302, 0.91287092917527686 }, { 0.91287092917527686, 0.40824829046386302 } };
static const double su2_recoupling_2_1_3_4[2][2] = { { -0.70710678118654752, 0.70710678118654752 }, { 0.70710678118654752, 0.70710678118654752 } };
static const double su2_recoupling_2_1_3_6[1][1] = { { 1.0000000000000000 } };
static const double su2_recoupling_2_1_4_1[1][1] = { { 1.0000000000000000 } };
static const double su2_recoupling_2_1_4_3[2][2] = { { -0.44721359549995794, 0.89442719099991588 }, { 0.89442719099991588, 0.44721359549995794 } };
static const double su2_recoupling_2_1_4_5[2][2] = { { -0.73029674334022148, 0.68313005106397323 }, { 0.68313005106397323, 0.73029674334022148 } };
static const double su2_recoupling_2_1_4_7[1][1] = { { 1.0000000000000000 } };
static const double su2_recoupling_2_1_5_2[1][1] = { { 1.0000000000000000 } };
static const double su2_recoupling_2_1_5_4[2][2] = { { -0.47140452079103168, 0.88191710368819686 }, { 0.88191710368819686, 0.47140452079103168 } };
static const double su2_recoupling_2_1_5_6[2][2] = { { -0.74535599249992990, 0.66666666666666667 }, { 0.66666666666666667, 0.74535599249992990 } };
static const double su2_recoupling_2_1_5_8[1][1] = { { 1.0000000000000000 } };
static const double su2_recoupling_2_2_0_0[1][1] = { { 1.0000000000000000 } };
static const double su2_recoupling_2_2_0_2[1][1] = { { 1.0000000000000000 } };
static const double su2_recoupling_2_2_0_4[1][1] = { { 1.0000000000000000 } };
static const double su2_recoupling_2_2_1_1[2][2] = { { -0.57735026918962576, 0.81649658092772603 }, { 0.81649658092772603, 0.57735026918962576 } };
static const double su2_recoupling_2_2_1_3[2][2] = { { -0.40824829046386302, 0.91287092917527686 }, { 0.91287092917527686, 0.40824829046386302 } };
static const double su2_recoupling_2_2_1_5[1][1] = { { 1.0000000000000000 } };
static const double su2_recoupling_2_2_2_2[3][3] = { { 0.33333333333333333, -0.57735026918962576, 0.74535599249992990 }, { -0.57735026918962576, 0.50000000000000000, 0.64549722436790281 }, { 0.74535599249992990, 0.64549722436790281, 0.16666666666666667 } };
static const double su2_recoupling_2_2_2_4[2][2] = { { -0.50000000000000000, 0.86602540378443865 }, { 0.86602540378443865, 0.50000000000000000 } };
static const double su2_recoupling_2_2_2_6[1][1] = { { 1.0000000000000000 } };
static const double su2_recoupling_2_2_3_1[2][2] = { { -0.40824829046386302, 0.91287092917527686 }, { 0.91287092917527686, 0.40824829046386302 } };
static const double su2_recoupling_2_2_3_3[3][3] = { { 0.40824829046386302, -0.57735026918962576, 0.70710678118654752 }, { -0.64549722436790281, 0.36514837167011074, 0.67082039324993691 }, { 0.64549722436790281, 0.73029674334022148, 0.22360679774997897 } };
static const double su2_recoupling_2_2_3_5[2][2] = { { -0.54772255750516611, 0.83666002653407555 }, { 0.83666002653407555, 0.54772255750516611 } };
static const double su2_recoupling_2_2_3_7[1][1] = { { 1.0000000000000000 } };
static const double su2_recoupling_2_2_4_0[1][1] = { { 1.0000000000000000 } };
static const double su2_recoupling_2_2_4_2[2][2] = { { -0.50000000000000000, 0.86602540378443865 }, { 0.86602540378443865, 0.50000000000000000 } };
static const double su2_recoupling_2_2_4_4[3][3] = { { 0.44721359549995794, -0.57735026918962576, 0.68313005106397323 }, { -0.67082039324993691, 0.28867513459481288, 0.68313005106397323 }, { 0.59160797830996160, 0.76376261582597333, 0.25819888974716113 } };
static const double su2_recoupling_2_2_4_6[2][2] = { { -0.57735026918962576, 0.81649658092772603 }, { 0.81649658092772603, 0.57735026918962576 } };
static const double su2_recoupling_2_2_4_8[1][1] = { { 1.0000000000000000 } };
static const double su2_recoupling_2_2_5_1[1][1] = { { 1.0000000000000000 } };
static const double su2_recoupling_2_2_5_3[2][2] = { { -0.54772255750516611, 0.83666002653407555 }, { 0.83666002653407555, 0.54772255750516611 } };
static const double su2_recoupling_2_2_5_5[3][3] = { { 0.47140452079103168, -0.57735026918962576, 0.66666666666666667 }, { -0.68313005106397323, 0.23904572186687873, 0.69006555934235422 }, { 0.55777335102271703, 0.78072005835882654, 0.28171808490950553 } };
static const double su2_recoupling_2_2_5_7[2][2] = { { -0.59761430466719682, 0.80178372573727315 }, { 0.80178372573727315, 0.59761430466719682 } };
static const double su2_recoupling_2_2_5_9[1][1] = { { 1.0000000000000000 } };
static const double su2_recoupling_2_3_0_1[1][1] = { { 1.0000000000000000 } };
static const double su2_recoupling_2_3_0_3[1][1] = { { 1.0000000000000000 } };
static const double su2_recoupling_2_3_0_5[1][1] = { { 1.0000000000000000 } };
static const double su2_recoupling_2_3_1_0[1][1] = { { 1.0000000000000000 } };
static const double su2_recoupling_2_3_1_2[2][2] = { { -0.40824829046386302, 0.91287092917527686 }, { 0.91287092917527686, 0.40824829046386302 } };
static const double su2_recoupling_2_3_1_4[2][2] = { { -0.31622776601683793, 0.94868329805051380 }, { 0.94868329805051380, 0.31622776601683793 } };
static const double su2_recoupling_2_3_1_6[1][1] = { { 1.0000000000000000 } };
static const double su2_recoupling_2_3_2_1[2][2] = { { -0.66666666666666667, 0.74535599249992990 }, { 0.74535599249992990, 0.66666666666666667 } };
static const double su2_recoupling_2_3_2_3[3][3] = { { 0.16666666666666667, -0.47140452079103168, 0.86602540378443865 }, { -0.47140452079103168, 0.73333333333333333, 0.48989794855663562 }, { 0.86602540378443865, 0.48989794855663562, 0.10000000000000000 } };
static const double su2_recoupling_2_3_2_5[2][2] = { { -0.40000000000000000, 0.91651513899116800 }, { 0.91651513899116800, 0.40000000000000000 } };
static const double su2_recoupling_2_3_2_7[1][1] = { { 1.0000000000000000 } };
static const double su2_recoupling_2_3_3_2[3][3] = { { 0.40824829046386302, -0.64549722436790281, 0.64549722436790281 }, { -0.57735026918962576, 0.36514837167011074, 0.73029674334022148 }, { 0.70710678118654752, 0.67082039324993691, 0.22360679774997897 } };
static const double su2_recoupling_2_3_3_4[3][3] = { { 0.22360679774997897, -0.50000000000000000, 0.83666002653407555 }, { -0.56568542494923802, 0.63245553203367587, 0.52915026221291812 }, { 0.79372539331937718, 0.59160797830996160, 0.14142135623730950 } };
static const double su2_recoupling_2_3_3_6[2][2] = { { -0.44721359549995794, 0.89442719099991588 }, { 0.89442719099991588, 0.44721359549995794 } };
static const double su2_recoupling_2_3_3_8[1][1] = { { 1.0000000000000000 } };
static const double su2_recoupling_2_3_4_1[2][2] = { { -0.44721359549995794, 0.89442719099991588 }, { 0.89442719099991588, 0.44721359549995794 } };
static const double su2_recoupling_2_3_4_3[3][3] = { { 0.50000000000000000, -0.63245553203367587, 0.59160797830996160 }, { -0.63245553203367587, 0.20000000000000000, 0.74833147735478828 }, { 0.59160797830996160, 0.74833147735478828, 0.30000000000000000 } };
static const double su2_recoupling_2_3_4_5[3][3] = { { 0.25819888974716113, -0.51639777949432225, 0.81649658092772603 }, { -0.61101009266077867, 0.56736651461358019, 0.55205244747388337 }, { 0.74833147735478828, 0.64142698058981852, 0.16903085094570332 } };
static const double su2_recoupling_2_3_4_7[2][2] = { { -0.47809144373375746, 0.87831006565367986 }, { 0.87831006565367986, 0.47809144373375746 } };
static const double su2_recoupling_2_3_4_9[1][1] = { { 1.0000000000000000 } };
static const double su2_recoupling_2_3_5_0[1][1] = { { 1.0000000000000000 } };
static const double su2_recoupling_2_3_5_2[2][2] = { { -0.54772255750516611, 0.83666002653407555 }, { 0.83666002653407555, 0.54772255750516611 } };
static const double su2_recoupling_2_3_5_4[3][3] = { { 0.54772255750516611, -0.62360956446232356, 0.55777335102271703 }, { -0.64807406984078602, 0.10540925533894598, 0.75424723326565069 }, { 0.52915026221291812, 0.77459666924148338, 0.34641016151377546 } };
static const double su2_recoupling_2_3_5_6[3][3] = { { 0.28171808490950553, -0.52704627669472989, 0.80178372573727315 }, { -0.63745525831167661, 0.52174919474995093, 0.56694670951384084 }, { 0.71713716560063618, 0.67082039324993691, 0.18898223650461361 } };
static const double su2_recoupling_2_3_5_8[2][2] = { { -0.50000000000000000, 0.86602540378443865 }, { 0.86602540378443865, 0.50000000000000000 } };
static const double su2_recoupling_2_3_5_10[1][1] = { { 1.0000000000000000 } };
static const double su2_recoupling_2_4_0_2[1][1] = { { 1.0000000000000000 } };
static const double su2_recoupling_2_4_0_4[1][1] = { { 1.0000000000000000 } };
static const double su2_recoupling_2_4_0_6[1][1] = { { 1.0000000000000000 } };
static const double su2_recoupling_2_4_1_1[1][1] = { { 1.0000000000000000 } };
static const double su2_recoupling_2_4_1_3[2][2] = { { -0.31622776601683793, 0.94868329805051380 }, { 0.94868329805051380, 0.31622776601683793 } };
static const double su2_recoupling_2_4_1_5[2][2] = { { -0.25819888974716113, 0.96609178307929590 }, { 0.96609178307929590, 0.25819888974716113 } };
static const double su2_recoupling_2_4_1_7[1][1] = { { 1.0000000000000000 } };
static const double su2_recoupling_2_4_2_0[1][1] = { { 1.0000000000000000 } };
static const double su2_recoupling_2_4_2_2[2][2] = { { -0.50000000000000000, 0.86602540378443865 }, { 0.86602540378443865, 0.50000000000000000 } };
static const double su2_recoupling_2_4_2_4[3][3] = { { 0.10000000000000000, -0.38729833462074169, 0.91651513899116800 }, { -0.38729833462074169, 0.83333333333333333, 0.39440531887330774 }, { 0.91651513899116800, 0.39440531887330774, 0.066666666666666667 } };
static const double su2_recoupling_2_4_2_6[2][2] = { { -0.33333333333333333, 0.94280904158206337 }, { 0.94280904158206337, 0.33333333333333333 } };
static const double su2_recoupling_2_4_2_8[1][1] = { { 1.0000000000000000 } };
static const double su2_recoupling_2_4_3_1[2][2] = { { -0.70710678118654752, 0.70710678118654752 }, { 0.70710678118654752, 0.70710678118654752 } };
static const double su2_recoupling_2_4_3_3[3][3] = { { 0.22360679774997897, -0.56568542494923802, 0.79372539331937718 }, { -0.50000000000000000, 0.63245553203367587, 0.59160797830996160 }, { 0.83666002653407555, 0.52915026221291812, 0.14142135623730950 } };
static const double su2_recoupling_2_4_3_5[3][3] = { { 0.14142135623730950, -0.42426406871192851, 0.89442719099991588 }, { -0.48304589153964795, 0.75907211527658964, 0.43643578047198476 }, { 0.86409875978771470, 0.49377071987869411, 0.097590007294853318 } };
static const double su2_recoupling_2_4_3_7[2][2] = { { -0.37796447300922723, 0.92582009977255146 }, { 0.92582009977255146, 0.37796447300922723 } };
static const double su2_recoupling_2_4_3_9[1][1] = { { 1.0000000000000000 } };
static const double su2_recoupling_2_4_4_2[3][3] = { { 0.44721359549995794, -0.67082039324993691, 0.59160797830996160 }, { -0.57735026918962576, 0.28867513459481288, 0.76376261582597333 }, { 0.68313005106397323, 0.68313005106397323, 0.25819888974716113 } };
static const double su2_recoupling_2_4_4_4[3][3] = { { 0.30000000000000000, -0.59160797830996160, 0.74833147735478828 }, { -0.59160797830996160, 0.50000000000000000, 0.63245553203367587 }, { 0.74833147735478828, 0.63245553203367587, 0.20000000000000000 } };
static const double su2_recoupling_2_4_4_6[3][3] = { { 0.16903085094570332, -0.44721359549995794, 0.87831006565367986 }, { -0.53452248382484877, 0.70710678118654752, 0.46291004988627573 }, { 0.82807867121082506, 0.54772255750516611, 0.11952286093343936 } };
static const double su2_recoupling_2_4_4_8[2][2] = { { -0.40824829046386302, 0.91287092917527686 }, { 0.91287092917527686, 0.40824829046386302 } };
static const double su2_recoupling_2_4_4_10[1][1] = { { 1.0000000000000000 } };
static const double su2_recoupling_2_4_5_1[2][2] = { { -0.47140452079103168, 0.88191710368819686 }, { 0.88191710368819686, 0.47140452079103168 } };
static const double su2_recoupling_2_4_5_3[3][3] = { { 0.54772255750516611, -0.64807406984078602, 0.52915026221291812 }, { -0.62360956446232356, 0.10540925533894598, 0.77459666924148338 }, { 0.55777335102271703, 0.75424723326565069, 0.34641016151377546 } };
static const double su2_recoupling_2_4_5_5[3][3] = { { 0.34641016151377546, -0.60474315681476356, 0.71713716560063618 }, { -0.63245553203367587, 0.41403933560541253, 0.65465367070797714 }, { 0.69282032302755092, 0.68033605141660901, 0.23904572186687873 } };
static const double su2_recoupling_2_4_5_7[3][3] = { { 0.18898223650461361, -0.46291004988627573, 0.86602540378443865 }, { -0.56694670951384084, 0.66864784983573161, 0.48112522432468814 }, { 0.80178372573727315, 0.58191437396264635, 0.13608276348795434 } };
static const double su2_recoupling_2_4_5_9[2][2] = { { -0.43033148291193521, 0.90267093384844004 }, { 0.90267093384844004, 0.43033148291193521 } };
static const double su2_recoupling_2_4_5_11[1][1] = { { 1.0000000000000000 } };
static const double su2_recoupling_2_5_0_3[1][1] = { { 1.0000000000000000 } };
static const double su2_recoupling_2_5_0_5[1][1] = { { 1.0000000000000000 } };
static const double su2_recoupling_2_5_0_7[1][1] = { { 1.0000000000000000 } };
static const double su2_recoupling_2_5_1_2[1][1] = { { 1.0000000000000000 } };
static const double su2_recoupling_2_5_1_4[2][2] = { { -0.25819888974716113, 0.96609178307929590 }, { 0.96609178307929590, 0.25819888974716113 } };
static const double su2_recoupling_2_5_1_6[2][2] = { { -0.21821789023599238, 0.97590007294853318 }, { 0.97590007294853318, 0.21821789023599238 } };
static const double su2_recoupling_2_5_1_8[1][1] = { { 1.0000000000000000 } };
static const double su2_recoupling_2_5_2_1[1][1] = { { 1.0000000000000000 } };
static const double su2_recoupling_2_5_2_3[2][2] = { { -0.40000000000000000, 0.91651513899116800 }, { 0.91651513899116800, 0.40000000000000000 } };
static const double su2_recoupling_2_5_2_5[3][3] = { { 0.066666666666666667, -0.32659863237109041, 0.94280904158206337 }, { -0.32659863237109041, 0.88571428571428571, 0.32991443953692901 }, { 0.94280904158206337, 0.32991443953692901, 0.047619047619047619 } };
static const double su2_recoupling_2_5_2_7[2][2] = { { -0.28571428571428571, 0.95831484749990987 }, { 0.95831484749990987, 0.28571428571428571 } };
static const double su2_recoupling_2_5_2_9[1][1] = { { 1.0000000000000000 } };
static const double su2_recoupling_2_5_3_0[1][1] = { { 1.0000000000000000 } };
static const double su2_recoupling_2_5_3_2[2][2] = { { -0.54772255750516611, 0.83666002653407555 }, { 0.83666002653407555, 0.54772255750516611 } };
static const double su2_recoupling_2_5_3_4[3][3] = { { 0.14142135623730950, -0.48304589153964795, 0.86409875978771470 }, { -0.42426406871192851, 0.75907211527658964, 0.49377071987869411 }, { 0.89442719099991588, 0.43643578047198476, 0.097590007294853318 } };
static const double su2_recoupling_2_5_3_6[3][3] = { { 0.097590007294853318, -0.36514837167011074, 0.92582009977255146 }, { -0.41731242476584085, 0.82951506200625320, 0.37115374447904513 }, { 0.90350790290525124, 0.42257712736425829, 0.071428571428571429 } };
static const double su2_recoupling_2_5_3_8[2][2] = { { -0.32732683535398857, 0.94491118252306807 }, { 0.94491118252306807, 0.32732683535398857 } };
static const double su2_recoupling_2_5_3_10[1][1] = { { 1.0000000000000000 } };
static const double su2_recoupling_2_5_4_1[2][2] = { { -0.73029674334022148, 0.68313005106397323 }, { 0.68313005106397323, 0.73029674334022148 } };
static const double su2_recoupling_2_5_4_3[3][3] = { { 0.25819888974716113, -0.61101009266077867, 0.74833147735478828 }, { -0.51639777949432225, 0.56736651461358019, 0.64142698058981852 }, { 0.81649658092772603, 0.55205244747388337, 0.16903085094570332 } };
static const double su2_recoupling_2_5_4_5[3][3] = { { 0.20000000000000000, -0.52372293656638171, 0.82807867121082506 }, { -0.52372293656638171, 0.65714285714285714, 0.54210474174315074 }, { 0.82807867121082506, 0.54210474174315074, 0.14285714285714286 } };
static const double su2_recoupling_2_5_4_7[3][3] = { { 0.11952286093343936, -0.39036002917941327, 0.91287092917527686 }, { -0.46947647786157095, 0.78794776349992589, 0.39840953644479788 }, { 0.87481776527970646, 0.47619047619047619, 0.089087080637474795 } };
static const double su2_recoupling_2_5_4_9[2][2] = { { -0.35634832254989918, 0.93435318430231350 }, { 0.93435318430231350, 0.35634832254989918 } };
static const double su2_recoupling_2_5_4_11[1][1] = { { 1.0000000000000000 } };
static const double su2_recoupling_2_5_5_2[3][3] = { { 0.47140452079103168, -0.68313005106397323, 0.55777335102271703 }, { -0.57735026918962576, 0.23904572186687873, 0.78072005835882654 }, { 0.66666666666666667, 0.69006555934235422, 0.28171808490950553 } };
static const double su2_recoupling_2_5_5_4[3][3] = { { 0.34641016151377546, -0.63245553203367587, 0.69282032302755092 }, { -0.60474315681476356, 0.41403933560541253, 0.68033605141660901 }, { 0.71713716560063618, 0.65465367070797714, 0.23904572186687873 } };
